1000 0.3269230769230769 1.0079016519999868
2000 0.3269230769230769 1.017370010000036
3000 0.09615384615384616 1.0094678269999804
4000 0.8653846153846154 1.0345660489999773
5000 1.0384615384615385 1.0141423130000362
6000 1.0384615384615385 1.037088023000024
7000 1.0384615384615385 1.0318243999999481
8000 1.0192307692307692 1.021431839999991
9000 1.0384615384615385 1.0227653199999622
10000 1.0384615384615385 1.0429750969999532
11000 1.0384615384615385 1.0107847549999178
12000 1.0576923076923077 1.0259985720000486
13000 1.0576923076923077 1.0360870839999734
14000 1.0576923076923077 1.027867343999901
15000 1.0384615384615385 1.0333424919999743
16000 1.0384615384615385 1.0348182250000946
17000 1.0384615384615385 1.037691556000027
18000 1.0384615384615385 1.05050328599998
19000 1.0576923076923077 1.0410408300000427
20000 1.0384615384615385 1.0188000240000292
